Id  |Desc                        |Token |X  |Y  |Yoff |Xoff |Xs |Ys |Act |Len |Top  |Wth |Hht |OnMap 
--------------------------------------------------------------------------------------------------------
0   |Test Data                   |NU0   |0  |0  |0    |0    |0  |0  |0   |0   |0    |0   |0   |0     
1   |Casket #5                   |C5    |5  |3  |0    |0    |5  |5  |1   |0   |0    |0   |0   |0     
2   |Shrine                      |SF    |3  |3  |0    |0    |0  |0  |1   |3   |84   |0   |0   |310   
3   |Casket #6                   |C6    |5  |3  |0    |0    |5  |5  |1   |0   |0    |0   |0   |0     
4   |Urn #1                      |U1    |1  |1  |0    |0    |1  |1  |2   |0   |0    |0   |0   |0     
5   |Large Chest R               |L1    |1  |2  |0    |0    |0  |0  |7   |15  |0    |0   |0   |0     
6   |Large Chest L               |L2    |2  |1  |0    |0    |0  |0  |7   |15  |0    |0   |0   |0     
7   |Barrel                      |B1    |1  |1  |0    |0    |2  |2  |1   |0   |0    |0   |0   |0     
8   |Tower Tome                  |TT    |1  |1  |0    |0    |0  |0  |1   |0   |0    |0   |0   |427   
9   |Urn #2                      |U2    |1  |1  |0    |0    |1  |1  |2   |0   |0    |0   |0   |0     
10  |Bench                       |BE    |7  |1  |0    |0    |0  |0  |1   |0   |0    |0   |0   |0     
11  |Barrel Exploding            |BX    |1  |1  |0    |0    |2  |2  |1   |0   |0    |0   |0   |0     
12  |Rogue Fountain              |FN    |3  |3  |0    |0    |0  |0  |1   |0   |0    |0   |0   |0     
13  |Door Gate L                 |D1    |1  |3  |4    |1    |0  |0  |1   |-20 |-80  |40  |40  |0     
14  |Door Gate R                 |D2    |3  |1  |4    |1    |0  |0  |1   |-20 |-80  |40  |40  |0     
15  |Door Wooden L               |D3    |1  |3  |4    |0    |0  |0  |1   |-20 |-80  |40  |40  |0     
16  |Door Wooden R               |D4    |3  |1  |3    |1    |0  |0  |1   |-20 |-80  |40  |40  |0     
17  |StoneAlpha                  |S1    |3  |3  |0    |0    |0  |0  |1   |0   |0    |0   |0   |314   
18  |StoneBeta                   |S2    |3  |3  |0    |0    |0  |0  |1   |0   |0    |0   |0   |314   
19  |StoneGamma                  |S3    |3  |3  |0    |0    |0  |0  |1   |0   |0    |0   |0   |314   
20  |StoneDelta                  |S4    |3  |3  |0    |0    |0  |0  |1   |0   |0    |0   |0   |314   
21  |StoneLambda                 |S5    |3  |3  |0    |0    |0  |0  |1   |0   |0    |0   |0   |314   
22  |StoneTheta                  |S6    |3  |3  |0    |0    |0  |0  |1   |0   |0    |0   |0   |314   
23  |DoorCourtyard L             |D5    |1  |7  |1    |1    |0  |0  |1   |-20 |-80  |40  |40  |0     
24  |DoorCourtyard R             |D6    |7  |1  |1    |1    |0  |0  |1   |-20 |-80  |40  |40  |0     
25  |DoorCathedralDouble         |D7    |9  |1  |-11  |0    |0  |0  |1   |-20 |-80  |40  |40  |0     
26  |Cain Captured               |GI    |3  |3  |15   |-14  |0  |0  |1   |0   |0    |0   |0   |0     
27  |DoorMonestaryDouble R       |D8    |7  |1  |1    |1    |0  |0  |1   |-20 |-80  |40  |40  |0     
28  |Hole In Ground              |HI    |5  |3  |1    |1    |0  |0  |1   |0   |0    |0   |0   |0     
29  |Brazier                     |BR    |1  |1  |0    |0    |0  |0  |7   |0   |0    |0   |0   |0     
30  |Inifuss Tree                |IT    |5  |5  |0    |0    |0  |0  |1   |-40 |-40  |80  |80  |313   
31  |Fountain                    |BF    |3  |3  |0    |0    |0  |0  |1   |0   |0    |0   |0   |0     
32  |Crucifix                    |CL    |3  |3  |0    |0    |0  |0  |1   |0   |0    |0   |0   |0     
33  |Candles1                    |A1    |3  |1  |0    |0    |0  |0  |1   |0   |0    |0   |0   |0     
34  |Candles2                    |A2    |1  |3  |0    |0    |0  |0  |1   |0   |0    |0   |0   |0     
35  |Standard1                   |N1    |1  |1  |0    |0    |0  |0  |1   |0   |0    |0   |0   |0     
36  |Standard2                   |N2    |1  |1  |0    |0    |0  |0  |1   |0   |0    |0   |0   |0     
37  |Torch1 Tiki                 |TO    |1  |1  |0    |0    |0  |0  |7   |0   |0    |0   |0   |0     
38  |Torch2 Wall                 |WT    |1  |1  |0    |0    |0  |0  |1   |0   |0    |0   |0   |0     
39  |RogueBonfire                |RB    |3  |3  |0    |0    |0  |0  |1   |0   |0    |0   |0   |0     
40  |River1                      |R1    |0  |0  |-9   |0    |0  |0  |1   |0   |0    |0   |0   |0     
41  |River2                      |R2    |0  |0  |-9   |0    |0  |0  |1   |0   |0    |0   |0   |0     
42  |River3                      |R3    |0  |0  |-9   |0    |0  |0  |1   |0   |0    |0   |0   |0     
43  |River4                      |R4    |0  |0  |-9   |0    |0  |0  |1   |0   |0    |0   |0   |0     
44  |River5                      |R5    |0  |0  |-9   |0    |0  |0  |1   |0   |0    |0   |0   |0     
45  |Ambient Sound               |S1    |0  |0  |0    |0    |0  |0  |1   |0   |0    |0   |0   |0     
46  |Crate                       |CT    |1  |1  |0    |0    |2  |2  |1   |0   |0    |0   |0   |0     
47  |Andariel's Door             |AD    |7  |1  |1    |1    |0  |0  |1   |-20 |-80  |40  |40  |0     
48  |RogueTorch                  |T1    |2  |1  |0    |0    |0  |0  |1   |0   |0    |0   |0   |0     
49  |RogueTorch                  |T2    |1  |2  |0    |0    |0  |0  |1   |0   |0    |0   |0   |0     
50  |CasketR                     |C1    |5  |3  |9    |0    |0  |0  |1   |0   |0    |0   |0   |0     
51  |CasketL                     |C2    |3  |5  |0    |0    |0  |0  |1   |0   |0    |0   |0   |0     
52  |Urn #3                      |U3    |1  |1  |0    |0    |1  |1  |2   |0   |0    |0   |0   |0     
53  |Casket                      |C4    |5  |3  |4    |0    |5  |5  |1   |0   |0    |0   |0   |0     
54  |Rogue Corpse 1              |Z1    |1  |1  |0    |0    |0  |0  |1   |0   |0    |0   |0   |0     
55  |Rogue Corpse 2              |Z2    |1  |1  |0    |0    |0  |0  |1   |0   |0    |0   |0   |0     
56  |Rolling Rogue Corpse        |Z5    |1  |1  |0    |0    |0  |0  |1   |0   |0    |0   |0   |0     
57  |Rogue On A Stick 1          |Z3    |1  |1  |0    |0    |0  |0  |1   |0   |0    |0   |0   |0     
58  |Rogue On A Stick 2          |Z4    |1  |1  |0    |0    |0  |0  |1   |0   |0    |0   |0   |0     
59  |Town Portal                 |TP    |4  |4  |0    |0    |0  |0  |15  |-40 |-100 |80  |110 |0     
60  |Permanent Town Portal       |PP    |1  |1  |0    |0    |0  |0  |15  |-40 |-100 |80  |110 |0     
61  |Invis Object                |SS    |5  |5  |0    |0    |0  |0  |1   |0   |0    |0   |0   |0     
62  |Door Cathedral L            |D9    |1  |4  |1    |1    |0  |0  |1   |-20 |-80  |40  |40  |0     
63  |Door Cathedral R            |DA    |4  |1  |1    |1    |0  |0  |1   |-20 |-80  |40  |40  |0     
64  |Door Wooden L #2            |DB    |1  |4  |4    |-1   |0  |0  |1   |-20 |-80  |40  |40  |0     
65  |Invis River Sound1          |X1    |0  |32 |0    |0    |0  |0  |1   |0   |0    |0   |0   |0     
66  |Invis River Sound2          |X2    |32 |0  |0    |0    |0  |0  |1   |0   |0    |0   |0   |0     
67  |Ripple                      |1R    |1  |1  |0    |0    |0  |0  |3   |0   |0    |0   |0   |0     
68  |Ripple                      |2R    |1  |1  |0    |0    |0  |0  |3   |0   |0    |0   |0   |0     
69  |Ripple                      |3R    |1  |1  |0    |0    |0  |0  |3   |0   |0    |0   |0   |0     
70  |Ripple                      |4R    |1  |1  |0    |0    |0  |0  |3   |0   |0    |0   |0   |0     
71  |Forest Night Sound #1       |F1    |1  |1  |0    |0    |0  |0  |1   |0   |0    |0   |0   |0     
72  |Forest Night Sound #2       |F2    |1  |1  |0    |0    |0  |0  |1   |0   |0    |0   |0   |0     
73  |Yeti Dung                   |YD    |1  |1  |0    |0    |0  |0  |1   |0   |0    |0   |0   |0     
74  |Trap Door                   |TD    |3  |3  |0    |0    |0  |0  |2   |0   |0    |0   |0   |223   
75  |Door By Dock                |DD    |1  |3  |0    |0    |0  |0  |2   |-20 |-80  |40  |40  |0     
76  |Sewer Drip                  |SZ    |5  |5  |0    |0    |0  |0  |15  |0   |0    |0   |0   |0     
77  |Healthorama                 |SH    |3  |3  |0    |0    |0  |0  |1   |1   |84   |0   |0   |310   
78  |Invis Town Sound            |TA    |0  |0  |0    |0    |0  |0  |3   |0   |0    |0   |0   |0     
79  |Casket #3                   |C3    |4  |6  |-4   |0    |6  |8  |1   |0   |0    |0   |0   |0     
80  |Obelisk                     |OB    |1  |1  |0    |0    |0  |0  |1   |0   |0    |0   |0   |0     
81  |Forest Altar                |AF    |3  |3  |0    |0    |0  |0  |1   |3   |84   |0   |0   |310   
82  |Pool Of Blood               |B2    |3  |3  |0    |0    |0  |0  |1   |0   |0    |0   |0   |0     
83  |Shrine                      |HS    |3  |3  |0    |-20  |0  |0  |1   |3   |84   |0   |0   |310   
84  |HealingWell                 |HW    |3  |3  |0    |0    |0  |0  |1   |1   |84   |0   |0   |310   
85  |HealthShrine                |BC    |3  |3  |0    |0    |0  |0  |2   |1   |85   |0   |0   |310   
86  |Shrine                      |SG    |3  |3  |0    |0    |0  |0  |2   |3   |85   |0   |0   |310   
87  |Tombchest 1 Large L         |CA    |1  |3  |0    |0    |0  |0  |2   |20  |0    |0   |0   |0     
88  |Tombchest 2 Large R         |CB    |3  |1  |0    |0    |0  |0  |2   |20  |0    |0   |0   |0     
89  |Mummy CoffinL Tomb          |MC    |3  |5  |0    |0    |5  |5  |2   |0   |0    |0   |0   |0     
90  |Desert Obelisk              |DO    |1  |1  |0    |0    |0  |0  |2   |0   |0    |0   |0   |0     
91  |Tomb Door L                 |TL    |1  |7  |-8   |-11  |0  |0  |2   |-20 |-80  |40  |40  |0     
92  |Tomb Door R                 |TR    |7  |1  |2    |18   |0  |0  |2   |-20 |-80  |40  |40  |0     
93  |ManaShrine                  |iz    |3  |3  |0    |0    |0  |0  |8   |2   |0    |0   |0   |310   
94  |Urn #4                      |U4    |1  |1  |0    |0    |1  |1  |2   |0   |0    |0   |0   |0     
95  |Urn #5                      |U5    |1  |1  |0    |0    |1  |1  |2   |0   |0    |0   |0   |0     
96  |HealthShrine                |iy    |3  |3  |0    |0    |0  |0  |8   |1   |96   |0   |0   |310   
97  |MagicShrine                 |ix    |4  |4  |0    |0    |0  |0  |8   |3   |0    |0   |0   |310   
98  |Tomb Door L 2               |TS    |1  |7  |0    |0    |0  |0  |2   |-20 |-80  |40  |40  |0     
99  |Tomb Door R 2               |TU    |7  |1  |0    |0    |0  |0  |2   |-20 |-80  |40  |40  |0     
100 |Portal To Duriel            |SJ    |1  |3  |-38  |-14  |0  |0  |2   |-40 |-80  |80  |80  |0     
101 |Brazier3                    |B3    |1  |1  |0    |0    |0  |0  |15  |0   |0    |0   |0   |0     
102 |Floor Brazier               |FB    |1  |1  |0    |0    |0  |0  |15  |0   |0    |0   |0   |0     
103 |Flies                       |FL    |1  |1  |0    |0    |0  |0  |15  |0   |0    |0   |0   |0     
104 |Armor Stand 1R              |A3    |2  |1  |0    |0    |0  |0  |7   |0   |0    |0   |0   |0     
105 |Armor Stand 2L              |A4    |1  |2  |0    |0    |0  |0  |7   |0   |0    |0   |0   |0     
106 |Weapon Rack 1R              |W1    |2  |1  |0    |0    |0  |0  |7   |0   |0    |0   |0   |0     
107 |Weapon Rack 2L              |W2    |1  |2  |0    |0    |0  |0  |7   |0   |0    |0   |0   |0     
108 |Malus                       |HM    |2  |1  |0    |0    |0  |0  |1   |0   |0    |0   |0   |316   
109 |Shrine HealthR              |P2    |3  |3  |0    |0    |0  |0  |2   |1   |109  |0   |0   |310   
110 |Drinker                     |n5    |0  |0  |-10  |-35  |0  |0  |0   |0   |0    |0   |0   |0     
111 |Fountain 1                  |F3    |3  |3  |0    |0    |0  |0  |1   |0   |0    |0   |0   |309   
112 |Gesturer                    |n6    |0  |0  |10   |0    |0  |0  |0   |0   |0    |0   |0   |0     
113 |Fountain 2 Well             |F4    |3  |3  |0    |0    |0  |0  |2   |0   |0    |0   |0   |309   
114 |Turner                      |n7    |0  |0  |-5   |-5   |0  |0  |0   |0   |0    |0   |0   |0     
115 |Fountain 3                  |F5    |3  |3  |0    |0    |0  |0  |1   |0   |0    |0   |0   |309   
116 |Snakewoman Shrine           |SN    |3  |3  |0    |0    |0  |0  |2   |3   |109  |0   |0   |310   
117 |Jungle Torch                |JT    |1  |1  |0    |0    |0  |0  |4   |0   |0    |0   |0   |0     
118 |Fountain 4                  |F6    |3  |3  |0    |0    |0  |0  |5   |0   |0    |0   |0   |309   
119 |Waypoint Portal             |wp    |5  |5  |0    |0    |0  |0  |1   |0   |0    |0   |0   |0     
120 |Healthshrine Dungeun        |dj    |3  |3  |0    |0    |0  |0  |1   |1   |120  |0   |0   |310   
121 |Placeholder #1              |ss    |1  |1  |0    |0    |0  |0  |2   |0   |0    |0   |0   |0     
122 |Placeholder #2              |ss    |1  |1  |0    |0    |0  |0  |2   |0   |0    |0   |0   |0     
123 |Innershrinehell2            |iw    |3  |3  |0    |0    |0  |0  |8   |3   |96   |0   |0   |310   
124 |Innershrinehell3            |iv    |4  |3  |0    |0    |0  |0  |8   |3   |96   |0   |0   |310   
125 |Ihobject3 Inner Hell        |iu    |1  |1  |0    |0    |0  |0  |8   |18  |0    |0   |0   |0     
126 |Skullpile Inner Hell        |is    |1  |1  |0    |0    |0  |0  |8   |18  |0    |0   |0   |0     
127 |Ihobject5 Inner Hell        |ir    |4  |4  |0    |0    |0  |0  |8   |18  |0    |0   |0   |0     
128 |Hobject4 Inner Hell         |hg    |1  |1  |0    |0    |0  |0  |8   |18  |0    |0   |0   |0     
129 |Secret Door 1               |h2    |1  |5  |0    |0    |0  |0  |15  |0   |0    |0   |0   |0     
130 |Pool Wilderness             |zw    |3  |3  |0    |0    |0  |0  |1   |750 |128  |1   |3   |309   
131 |Vile Dog Afterglow          |9b    |0  |0  |0    |0    |0  |0  |4   |18  |0    |0   |0   |0     
132 |Cathedralwell Inside        |zc    |3  |3  |0    |0    |0  |0  |3   |750 |128  |1   |3   |309   
133 |Shrine                      |xx    |3  |3  |0    |0    |0  |0  |1   |3   |85   |0   |0   |310   
134 |Shrine                      |zs    |3  |4  |0    |0    |0  |0  |2   |3   |85   |0   |0   |310   
135 |Shrine                      |zr    |2  |2  |0    |0    |0  |0  |2   |3   |85   |0   |0   |310   
136 |Shrine                      |zd    |6  |3  |0    |0    |0  |0  |2   |3   |85   |0   |0   |310   
137 |Desertwell Well Desert Tomb |zl    |3  |3  |0    |0    |0  |0  |2   |750 |128  |1   |3   |309   
138 |Cavewell Caves              |zy    |4  |4  |0    |0    |0  |0  |1   |750 |128  |1   |3   |309   
139 |Chest Large R               |q1    |3  |2  |0    |0    |0  |0  |1   |18  |0    |0   |0   |0     
140 |Chest Tall R                |q2    |1  |1  |0    |0    |0  |0  |1   |18  |0    |0   |0   |0     
141 |Chest Med R                 |q3    |3  |2  |0    |0    |0  |0  |1   |18  |0    |0   |0   |0     
142 |Jug1 Desert                 |q4    |1  |1  |0    |0    |0  |0  |2   |18  |0    |0   |0   |0     
143 |Jug2 Desert                 |q5    |1  |1  |0    |0    |0  |0  |2   |18  |0    |0   |0   |0     
144 |Chest1 L                    |q6    |1  |1  |0    |0    |0  |0  |1   |18  |0    |0   |0   |0     
145 |Waypointi Inner Hell        |wi    |1  |1  |0    |0    |0  |0  |8   |0   |0    |0   |0   |0     
146 |Chest2 R Chest Med L        |q9    |3  |1  |0    |0    |0  |0  |3   |18  |0    |0   |0   |0     
147 |Chest R Chest Large R       |q7    |3  |1  |0    |0    |0  |0  |3   |18  |0    |0   |0   |0     
148 |Chest L Tomb Chest L Large  |q8    |2  |2  |0    |0    |0  |0  |3   |18  |0    |0   |0   |0     
149 |Sun Altar Quest             |za    |4  |2  |0    |0    |0  |0  |2   |0   |0    |0   |0   |0     
150 |Shrine1                     |zv    |5  |5  |0    |0    |0  |0  |2   |3   |85   |0   |0   |310   
151 |Shrine4                     |ze    |5  |4  |0    |0    |0  |0  |2   |3   |85   |0   |0   |310   
152 |Holder For Horadric Staff   |HA    |3  |3  |0    |0    |0  |0  |2   |0   |0    |0   |0   |0     
153 |Tyrael's Door               |DX    |1  |5  |-18  |-8   |0  |0  |2   |-20 |-80  |40  |40  |0     
154 |Guard Corpse                |GC    |3  |3  |0    |0    |0  |0  |3   |0   |0    |0   |0   |0     
155 |Rock Wilderness             |c7    |1  |1  |0    |0    |0  |0  |1   |18  |0    |0   |0   |0     
156 |Waypoint                    |wm    |1  |1  |0    |0    |0  |0  |2   |0   |0    |0   |0   |0     
157 |WildernessWaypoint          |wn    |1  |1  |0    |0    |0  |0  |1   |0   |0    |0   |0   |0     
158 |Corpse                      |cp    |3  |3  |0    |0    |0  |0  |15  |18  |0    |0   |0   |0     
159 |Rockb Wilderness            |cq    |1  |1  |0    |0    |0  |0  |1   |18  |0    |0   |0   |0     
160 |Fire Small                  |FX    |0  |0  |0    |0    |0  |0  |15  |0   |0    |0   |0   |0     
161 |Fire Medium                 |FY    |0  |0  |0    |0    |0  |0  |15  |0   |0    |0   |0   |0     
162 |Fire Large                  |FZ    |0  |0  |0    |0    |0  |0  |15  |1   |0    |0   |0   |0     
163 |Cliff Wilderness            |cf    |1  |1  |0    |0    |0  |0  |1   |18  |0    |0   |0   |0     
164 |Mana Well1                  |MB    |3  |3  |0    |0    |0  |0  |1   |2   |85   |0   |0   |310   
165 |Mana Well2                  |MD    |3  |3  |0    |0    |0  |0  |1   |2   |77   |0   |0   |310   
166 |Mana Well3 Tomb             |MF    |3  |3  |0    |0    |0  |0  |2   |2   |85   |0   |0   |310   
167 |Mana Well4 Harom            |MH    |3  |3  |0    |0    |0  |0  |2   |2   |85   |0   |0   |310   
168 |Mana Well5                  |MJ    |3  |3  |0    |0    |0  |0  |8   |2   |85   |0   |0   |310   
169 |Log                         |cz    |5  |1  |0    |0    |0  |0  |15  |18  |0    |0   |0   |0     
170 |Jungle Healwell             |JH    |3  |3  |0    |0    |0  |0  |4   |1   |170  |0   |0   |310   
171 |Corpseb                     |sx    |3  |3  |0    |0    |0  |0  |15  |18  |0    |0   |0   |0     
172 |Health Well/shrine Desert   |Mk    |2  |2  |0    |0    |0  |0  |2   |1   |172  |0   |0   |310   
173 |Mana Well/shrine Desert     |Mi    |2  |2  |0    |0    |0  |0  |2   |2   |172  |0   |0   |310   
174 |Rockc Wilderness            |RY    |1  |1  |0    |0    |0  |0  |1   |-18 |-20  |36  |30  |0     
175 |Rockd Wilderness            |RZ    |1  |1  |0    |0    |0  |0  |1   |18  |0    |0   |0   |0     
176 |Chest-L-med                 |c8    |1  |1  |0    |0    |0  |0  |15  |18  |0    |0   |0   |0     
177 |Chest-L-large               |c9    |1  |1  |0    |0    |0  |0  |15  |18  |0    |0   |0   |0     
178 |Guard On A Stick            |GS    |1  |1  |0    |0    |0  |0  |3   |0   |0    |0   |0   |0     
179 |Bookshelf1                  |b4    |1  |1  |0    |0    |0  |0  |1   |18  |0    |0   |0   |0     
180 |Bookshelf2                  |b5    |1  |1  |0    |0    |0  |0  |1   |18  |0    |0   |0   |0     
181 |Jungle Chest                |JC    |3  |1  |0    |0    |0  |0  |4   |18  |0    |0   |0   |0     
182 |Tombcoffin                  |tm    |1  |1  |0    |0    |0  |0  |2   |18  |0    |0   |0   |0     
183 |Chest-L-med Jungle          |jz    |1  |1  |0    |0    |0  |0  |4   |18  |0    |0   |0   |0     
184 |Jungle Shrine2              |jy    |3  |3  |0    |0    |0  |0  |4   |3   |184  |0   |0   |310   
185 |Jungle Object Act3          |jx    |2  |2  |0    |0    |0  |0  |4   |18  |0    |0   |0   |0     
186 |Jungle Object Act3          |jw    |1  |1  |0    |0    |0  |0  |4   |18  |0    |0   |0   |0     
187 |Jungle Object Act3          |jv    |2  |2  |0    |0    |0  |0  |4   |18  |0    |0   |0   |0     
188 |Jungle Object Act3          |ju    |1  |1  |0    |0    |0  |0  |4   |18  |0    |0   |0   |0     
189 |Cain Portal                 |tP    |0  |0  |0    |0    |0  |0  |1   |0   |0    |0   |0   |0     
190 |Jungle Shrine3              |js    |3  |4  |0    |0    |0  |0  |4   |3   |184  |0   |0   |310   
191 |Jungle Shrine4              |jr    |3  |3  |0    |0    |0  |0  |4   |3   |184  |0   |0   |310   
192 |Tele Pad                    |7h    |1  |1  |0    |0    |0  |0  |2   |-30 |-80  |60  |80  |0     
193 |Lam Esen's Tome             |ab    |1  |1  |0    |0    |0  |0  |2   |0   |0    |0   |0   |427   
194 |Stairsl                     |sl    |6  |10 |0    |0    |0  |0  |15  |0   |0    |0   |0   |694   
195 |Stairsr                     |sv    |10 |6  |0    |0    |0  |0  |15  |0   |0    |0   |0   |693   
196 |Test Data Floortrap         |a5    |1  |1  |-18  |2    |0  |0  |15  |0   |0    |0   |0   |0     
197 |Jungleshrine                |jq    |3  |3  |0    |0    |0  |0  |4   |3   |184  |0   |0   |310   
198 |Chest General L             |c0    |1  |1  |0    |0    |0  |0  |15  |18  |0    |0   |0   |0     
199 |Mafistoshrine               |mz    |3  |4  |0    |0    |0  |0  |4   |3   |206  |0   |0   |310   
200 |Mafistoshrine               |my    |5  |3  |0    |0    |0  |0  |4   |3   |206  |0   |0   |310   
201 |Mafistoshrine               |mx    |4  |4  |0    |0    |0  |0  |4   |3   |206  |0   |0   |310   
202 |Mafistomana                 |mw    |3  |4  |0    |0    |0  |0  |4   |2   |206  |0   |0   |310   
203 |Mafistolair                 |mv    |1  |1  |0    |0    |0  |0  |4   |18  |0    |0   |0   |0     
204 |Box                         |mu    |1  |3  |0    |0    |0  |0  |4   |18  |0    |0   |0   |0     
205 |Altar                       |mt    |2  |2  |0    |0    |0  |0  |4   |18  |0    |0   |0   |0     
206 |Mafistohealth               |mr    |3  |4  |0    |0    |0  |0  |1   |1   |206  |0   |0   |310   
207 |Water Rocks In Wrok         |rw    |1  |1  |0    |0    |0  |0  |4   |0   |0    |0   |0   |0     
208 |Basket 1                    |bd    |1  |1  |0    |0    |1  |1  |4   |0   |0    |0   |0   |0     
209 |Basket 2                    |bj    |1  |1  |0    |0    |1  |1  |4   |0   |0    |0   |0   |0     
210 |Water Logs In Ne Logw       |lw    |1  |1  |0    |0    |0  |0  |4   |0   |0    |0   |0   |0     
211 |Water Rocks Girl In Wrob    |wb    |1  |1  |0    |0    |0  |0  |4   |0   |0    |0   |0   |0     
212 |Bubbles In Act3 Water       |yb    |1  |1  |0    |0    |0  |0  |4   |0   |0    |0   |0   |0     
213 |Water Logs In Logx          |wd    |1  |1  |0    |0    |0  |0  |4   |0   |0    |0   |0   |0     
214 |Water Rocks In Rokb         |wc    |1  |1  |0    |0    |0  |0  |4   |0   |0    |0   |0   |0     
215 |Water Rocks Girl In Watc    |we    |1  |1  |0    |0    |0  |0  |4   |0   |0    |0   |0   |0     
216 |Water Rocks In Waty         |wy    |1  |1  |0    |0    |0  |0  |4   |0   |0    |0   |0   |0     
217 |Water Logs In Logz          |lx    |1  |1  |0    |0    |0  |0  |4   |0   |0    |0   |0   |0     
218 |Web Covered Tree 1          |w3    |3  |9  |0    |0    |0  |0  |4   |0   |0    |0   |0   |0     
219 |Web Covered Tree 2          |w4    |9  |3  |0    |0    |0  |0  |4   |0   |0    |0   |0   |0     
220 |Web Covered Tree 3          |w5    |3  |3  |0    |0    |0  |0  |4   |0   |0    |0   |0   |0     
221 |Web Covered Tree 4          |w6    |3  |3  |0    |0    |0  |0  |4   |0   |0    |0   |0   |0     
222 |Hobject1                    |70    |2  |2  |0    |0    |0  |0  |4   |18  |0    |0   |0   |0     
223 |Cacoon                      |CN    |1  |1  |0    |0    |0  |0  |4   |18  |0    |0   |0   |0     
224 |Cacoon 2                    |CC    |1  |1  |0    |0    |0  |0  |4   |18  |0    |0   |0   |0     
225 |Hobject1                    |ib    |1  |1  |0    |0    |0  |0  |4   |18  |0    |0   |0   |0     
226 |Outershrinehell             |ia    |3  |4  |0    |0    |0  |0  |8   |3   |96   |0   |0   |310   
227 |Water Rock Girl Nw Blgb     |QX    |1  |1  |0    |0    |0  |0  |4   |0   |0    |0   |0   |0     
228 |Big Log Sw Blga             |qw    |1  |1  |0    |0    |0  |0  |4   |0   |0    |0   |0   |0     
229 |Slimedoor1                  |SQ    |7  |1  |5    |20   |0  |0  |2   |0   |0    |0   |0   |0     
230 |Slimedoor2                  |SY    |1  |7  |3    |-23  |0  |0  |2   |0   |0    |0   |0   |0     
231 |Outershrinehell2            |ht    |3  |4  |0    |0    |0  |0  |8   |3   |96   |0   |0   |310   
232 |Outershrinehell3            |hq    |4  |4  |0    |0    |0  |0  |8   |3   |96   |0   |0   |310   
233 |Hobject2                    |hv    |3  |3  |0    |0    |0  |0  |8   |18  |0    |0   |0   |0     
234 |Big Log Se Blgc             |Qy    |1  |1  |0    |0    |0  |0  |4   |0   |0    |0   |0   |0     
235 |Big Log Nw Blgd             |Qz    |1  |1  |0    |0    |0  |0  |4   |0   |0    |0   |0   |0     
236 |Health Wellforhell          |ho    |3  |3  |0    |0    |0  |0  |8   |18  |0    |0   |0   |310   
237 |Act3Waypoint Town           |wz    |1  |1  |0    |0    |0  |0  |4   |0   |0    |0   |0   |0     
238 |Waypointh                   |wv    |1  |1  |0    |0    |0  |0  |8   |0   |0    |0   |0   |0     
239 |Burning Town                |bz    |3  |3  |0    |0    |0  |0  |1   |18  |0    |0   |0   |0     
240 |Chest1 L                    |cy    |1  |3  |0    |0    |0  |0  |15  |18  |0    |0   |0   |0     
241 |Chest2 R                    |cx    |1  |1  |0    |0    |0  |0  |15  |18  |0    |0   |0   |0     
242 |Chest3 R                    |cu    |1  |1  |0    |0    |0  |0  |15  |18  |0    |0   |0   |0     
243 |Chest3 L                    |cd    |1  |1  |0    |0    |0  |0  |15  |18  |0    |0   |0   |0     
244 |Sewers                      |rn    |1  |1  |0    |0    |0  |0  |3   |18  |0    |0   |0   |0     
245 |Burning Town                |by    |1  |1  |0    |0    |0  |0  |1   |1   |0    |0   |0   |0     
246 |Sewers                      |ra    |1  |1  |0    |0    |0  |0  |3   |18  |0    |0   |0   |0     
247 |Bed                         |qa    |4  |2  |0    |0    |0  |0  |1   |18  |0    |0   |0   |0     
248 |Bed                         |qb    |2  |4  |0    |0    |0  |0  |1   |18  |0    |0   |0   |0     
249 |HellManaWell                |hn    |3  |3  |0    |0    |0  |0  |8   |2   |96   |0   |0   |310   
250 |Exploding Cow / Rare        |ew    |3  |1  |0    |0    |0  |0  |5   |18  |0    |0   |0   |0     
251 |Gidbinn Altar               |ga    |3  |1  |0    |0    |0  |0  |4   |0   |0    |0   |0   |0     
252 |Gidbinn Decoy               |gd    |3  |3  |0    |0    |0  |0  |4   |0   |0    |0   |0   |315   
253 |Diablo R Light              |11    |0  |0  |0    |0    |0  |0  |8   |0   |0    |0   |0   |0     
254 |Diablo L Light              |12    |0  |0  |0    |0    |0  |0  |8   |0   |0    |0   |0   |0     
255 |Diablo Start Point          |ss    |0  |0  |0    |0    |0  |0  |8   |0   |0    |0   |0   |0     
256 |Stool For Cabin             |s9    |3  |1  |0    |0    |0  |0  |1   |18  |0    |0   |0   |0     
257 |Wood For Cabin              |wg    |3  |1  |0    |0    |0  |0  |1   |18  |0    |0   |0   |0     
258 |More Wood For Cabin         |wh    |3  |1  |0    |0    |0  |0  |1   |18  |0    |0   |0   |0     
259 |Skeleton Spawn Hell/nw      |QS    |1  |1  |0    |0    |0  |0  |8   |0   |0    |0   |0   |0     
260 |Holyshrine                  |HL    |1  |1  |0    |0    |0  |0  |1   |3   |77   |0   |0   |310   
261 |Spikes For Tombs Floortrap  |A7    |1  |1  |-15  |5    |0  |0  |2   |0   |0    |0   |0   |0     
262 | Cathedral                  |s0    |3  |3  |0    |0    |0  |0  |1   |3   |77   |0   |0   |310   
263 | Jail                       |jb    |3  |3  |0    |0    |0  |0  |1   |3   |77   |0   |0   |310   
264 | Jail                       |jd    |3  |3  |0    |0    |0  |0  |1   |1   |264  |0   |0   |310   
265 | Jail                       |jf    |3  |3  |0    |0    |0  |0  |1   |2   |264  |0   |0   |310   
266 |Goo Pile                    |GP    |1  |1  |0    |0    |0  |0  |2   |18  |0    |0   |0   |0     
267 |Bank                        |b6    |1  |1  |0    |0    |0  |0  |15  |1   |0    |0   |0   |319   
268 |Wirt's Body                 |BP    |1  |1  |0    |0    |0  |0  |1   |18  |0    |0   |0   |0     
269 |Gold Placeholder            |1g    |0  |0  |0    |0    |0  |0  |15  |0   |0    |0   |0   |0     
270 |Guard Corpse 2              |GF    |3  |3  |0    |0    |0  |0  |2   |0   |0    |0   |0   |0     
271 |Dead Villager 1             |dg    |3  |3  |0    |0    |0  |0  |4   |0   |0    |0   |0   |0     
272 |Dead Villager 2             |df    |3  |3  |0    |0    |0  |0  |4   |0   |0    |0   |0   |0     
273 |Flame / No Damage           |f8    |1  |1  |0    |0    |0  |0  |15  |0   |0    |0   |0   |0     
274 |Tiny Pixel Shaped Thingie   |f9    |0  |0  |0    |0    |0  |0  |15  |0   |0    |0   |0   |0     
275 |Health Shrine               |ce    |3  |3  |0    |0    |0  |0  |1   |1   |275  |0   |0   |310   
276 |Mana Shrine                 |cg    |3  |3  |0    |0    |0  |0  |1   |2   |275  |0   |0   |310   
277 |Magic Shrine                |cg    |3  |3  |0    |0    |0  |0  |1   |3   |275  |0   |0   |310   
278 |Mana Shrine                 |de    |3  |3  |0    |0    |0  |0  |4   |2   |120  |0   |0   |310   
279 |Magic Shrine                |wj    |2  |2  |0    |0    |0  |0  |4   |3   |282  |0   |0   |310   
280 |Healthwell                  |wk    |3  |4  |0    |0    |0  |0  |4   |1   |282  |0   |0   |310   
281 |Manawell                    |wl    |3  |4  |0    |0    |0  |0  |4   |2   |282  |0   |0   |310   
282 |Shrine                      |ws    |3  |3  |0    |0    |0  |0  |4   |3   |282  |0   |0   |310   
283 |Brazier Celler              |bi    |1  |1  |0    |0    |0  |0  |1   |1   |0    |0   |0   |0     
284 |Anubis Coffin               |qc    |3  |5  |0    |0    |5  |5  |2   |0   |0    |0   |0   |0     
285 |Brazier General Sewers      |bm    |1  |1  |0    |0    |0  |0  |1   |1   |0    |0   |0   |0     
286 |Brazier Tall                |bo    |3  |3  |0    |0    |0  |0  |1   |1   |0    |0   |0   |0     
287 |Brazier Small               |bq    |2  |2  |0    |0    |0  |0  |1   |1   |0    |0   |0   |0     
288 |Waypoint Celler             |w7    |1  |1  |0    |0    |0  |0  |8   |0   |0    |0   |0   |0     
289 |Bed                         |ub    |5  |5  |0    |0    |0  |0  |1   |-50 |0    |100 |80  |0     
290 |IronGrateDoor L             |dv    |1  |3  |-5   |-8   |0  |0  |1   |-20 |-80  |40  |40  |0     
291 |IronGrateDoor R             |dn    |3  |1  |0    |8    |0  |0  |1   |-20 |-80  |40  |40  |0     
292 |Wooden Grate Door L         |dp    |1  |3  |-5   |-9   |0  |0  |1   |-20 |-80  |40  |40  |0     
293 |Wooden Grate Door R         |dt    |3  |1  |-3   |8    |0  |0  |1   |-20 |-80  |40  |40  |0     
294 |Wooden Door L               |dk    |1  |3  |-3   |-10  |0  |0  |1   |-20 |-80  |40  |40  |0     
295 |Wooden Door R               |dl    |3  |1  |0    |7    |0  |0  |1   |-20 |-80  |40  |40  |0     
296 |Wall Torch L                |qd    |1  |1  |0    |0    |0  |0  |1   |0   |0    |0   |0   |0     
297 |Wall Torch R                |qe    |1  |1  |0    |0    |0  |0  |1   |0   |0    |0   |0   |0     
298 |Arcane Portal               |ay    |5  |2  |0    |0    |0  |0  |2   |-30 |-80  |60  |80  |339   
299 |MagicShrine                 |hb    |3  |3  |0    |0    |0  |0  |4   |3   |301  |0   |0   |310   
300 |MagicShrine                 |hc    |3  |3  |0    |0    |0  |0  |4   |3   |301  |0   |0   |310   
301 |HealthWell                  |qf    |1  |1  |0    |0    |0  |0  |1   |1   |301  |0   |0   |310   
302 |ManaWell                    |qg    |1  |1  |0    |0    |0  |0  |1   |2   |301  |0   |0   |310   
303 |MagicShrine                 |hd    |3  |3  |0    |0    |0  |0  |4   |3   |301  |60  |80  |310   
304 |Telepad                     |7h    |1  |1  |0    |0    |0  |0  |2   |-30 |-80  |60  |80  |0     
305 |Telepad                     |aa    |1  |1  |0    |0    |0  |0  |2   |-30 |-80  |60  |80  |0     
306 |Telepad                     |aa    |1  |1  |0    |0    |0  |0  |2   |-30 |-80  |60  |80  |0     
307 |Arcane Thing                |7a    |1  |1  |0    |0    |0  |0  |2   |0   |0    |0   |0   |0     
308 |Arcane Thing                |7b    |1  |1  |0    |0    |0  |0  |2   |0   |0    |0   |0   |0     
309 |Arcane Thing                |7c    |1  |1  |0    |0    |0  |0  |2   |0   |0    |0   |0   |0     
310 |Arcane Thing                |7d    |1  |1  |0    |0    |0  |0  |2   |0   |0    |0   |0   |0     
311 |Arcane Thing                |7e    |1  |1  |0    |0    |0  |0  |2   |0   |0    |0   |0   |0     
312 |Arcane Thing                |7f    |1  |1  |0    |0    |0  |0  |2   |0   |0    |0   |0   |0     
313 |Arcane Thing                |7g    |1  |1  |0    |0    |0  |0  |2   |0   |0    |0   |0   |0     
314 |Harem Guard 1               |qh    |1  |1  |0    |0    |0  |0  |2   |0   |0    |0   |0   |0     
315 |Harem Guard 2               |qi    |1  |1  |0    |0    |0  |0  |2   |0   |0    |0   |0   |0     
316 |Harem Guard 3               |qj    |1  |1  |0    |0    |0  |0  |2   |0   |0    |0   |0   |0     
317 |Harem Guard 4               |qk    |1  |1  |0    |0    |0  |0  |2   |0   |0    |0   |0   |0     
318 |Harem Blocker               |ss    |1  |7  |0    |0    |0  |0  |2   |0   |0    |0   |0   |0     
319 |HealthWell                  |ax    |2  |2  |0    |0    |0  |0  |2   |1   |282  |0   |0   |310   
320 |HealthWell                  |au    |2  |2  |0    |0    |0  |0  |2   |1   |282  |0   |0   |310   
321 |Test Data                   |pp    |0  |0  |0    |0    |0  |0  |0   |0   |0    |0   |0   |0     
322 |TombWell                    |hu    |3  |3  |0    |0    |0  |0  |2   |750 |128  |1   |3   |309   
323 |SewerWaypoint               |qm    |1  |1  |0    |0    |0  |0  |2   |0   |0    |0   |0   |0     
324 |TravincalWaypoint           |ql    |1  |1  |0    |0    |0  |0  |4   |0   |0    |0   |0   |0     
325 |MagicShrine                 |qn    |3  |3  |0    |0    |0  |0  |4   |3   |301  |0   |0   |310   
326 |DeadBody                    |qo    |3  |1  |0    |0    |0  |0  |1   |0   |0    |0   |0   |0     
327 |Torch (sewer)               |V1    |1  |1  |0    |0    |0  |0  |4   |0   |0    |0   |0   |0     
328 |Torch (kurast)              |V2    |1  |1  |0    |0    |0  |0  |4   |0   |0    |0   |0   |0     
329 |Maf Chest Large L           |xb    |1  |3  |0    |0    |0  |0  |15  |18  |0    |0   |0   |0     
330 |Maf Chest Large R           |xc    |1  |3  |0    |0    |0  |0  |15  |18  |0    |0   |0   |0     
331 |Maf Chest Mid L             |xd    |1  |1  |0    |0    |0  |0  |15  |18  |0    |0   |0   |0     
332 |Maf Chest Mid R             |xe    |1  |1  |0    |0    |0  |0  |15  |18  |0    |0   |0   |0     
333 |Lair Chest Large L          |xf    |1  |3  |0    |0    |0  |0  |15  |18  |0    |0   |0   |0     
334 |Lair Chestt L               |xg    |1  |1  |0    |0    |0  |0  |15  |18  |0    |0   |0   |0     
335 |Lair Chest Mid R            |xh    |1  |1  |0    |0    |0  |0  |15  |18  |0    |0   |0   |0     
336 |Lair Chest R                |xi    |1  |1  |0    |0    |0  |0  |15  |18  |0    |0   |0   |0     
337 |Steeg Stone                 |y6    |2  |2  |0    |0    |0  |0  |15  |0   |0    |0   |0   |0     
338 |Guild Vault                 |y4    |3  |3  |0    |0    |0  |0  |15  |1   |0    |0   |0   |0     
339 |Trophy Case                 |y2    |2  |3  |0    |0    |0  |0  |15  |0   |0    |0   |0   |0     
340 |Message Board               |y3    |2  |3  |0    |0    |0  |0  |15  |0   |0    |0   |0   |0     
341 |Mephisto Bridge             |xj    |11 |5  |-20  |-45  |0  |0  |4   |18  |0    |0   |0   |0     
342 |Hellgate                    |1y    |1  |1  |0    |0    |0  |0  |12  |-40 |-80  |80  |80  |339   
343 |ManaWell                    |xl    |2  |2  |0    |0    |0  |0  |4   |1   |282  |0   |0   |310   
344 |HealthWell                  |xm    |2  |2  |0    |0    |0  |0  |4   |1   |282  |0   |0   |310   
345 |Hellfire1                   |e3    |0  |0  |0    |0    |0  |0  |8   |0   |0    |0   |0   |0     
346 |Hellfire2                   |e4    |0  |0  |0    |0    |0  |0  |8   |0   |0    |0   |0   |0     
347 |Hellfire3                   |e5    |0  |0  |0    |0    |0  |0  |8   |0   |0    |0   |0   |0     
348 |Helllava1                   |e6    |0  |0  |0    |0    |0  |0  |8   |0   |0    |0   |0   |0     
349 |Helllava2                   |e7    |0  |0  |0    |0    |0  |0  |8   |0   |0    |0   |0   |0     
350 |Helllava3                   |e8    |0  |0  |0    |0    |0  |0  |8   |0   |0    |0   |0   |0     
351 |Lightsource1                |ss    |0  |0  |0    |0    |0  |0  |8   |0   |0    |0   |0   |0     
352 |Lightsource1                |ss    |0  |0  |0    |0    |0  |0  |8   |0   |0    |0   |0   |0     
353 |Lightsource1                |ss    |0  |0  |0    |0    |0  |0  |8   |0   |0    |0   |0   |0     
354 |Horadric Cube Chest         |xk    |1  |1  |0    |0    |0  |0  |15  |18  |0    |0   |0   |318   
355 |Horadric Scroll Chest       |xk    |1  |1  |0    |0    |0  |0  |15  |18  |0    |0   |0   |318   
356 |Staff Of Kings Chest        |xk    |1  |1  |0    |0    |0  |0  |15  |18  |0    |0   |0   |318   
357 |Horazon's Journal           |TT    |1  |1  |0    |0    |0  |0  |1   |0   |0    |0   |0   |427   
358 |Hell Brazier                |E1    |1  |1  |0    |0    |0  |0  |8   |0   |0    |0   |0   |0     
359 |Hell Brazier                |E2    |1  |1  |0    |0    |0  |0  |8   |0   |0    |0   |0   |0     
360 |Rockpile                    |xn    |2  |2  |0    |0    |0  |0  |15  |18  |0    |0   |0   |0     
361 |MagicShrine                 |qo    |3  |3  |0    |0    |0  |0  |4   |3   |301  |0   |0   |310   
362 |Basket                      |xp    |1  |1  |0    |0    |0  |0  |15  |18  |0    |0   |0   |0     
363 |HugeSkeleton                |jw    |4  |4  |0    |0    |0  |0  |4   |18  |0    |0   |0   |0     
364 |Guy For Dungeon             |ea    |2  |1  |0    |0    |0  |0  |14  |18  |0    |0   |0   |0     
365 |Casket                      |vb    |5  |3  |0    |0    |0  |0  |4   |0   |0    |0   |0   |0     
366 |Sewer Quest Stairs          |ve    |5  |5  |0    |0    |0  |0  |4   |0   |0    |0   |0   |223   
367 |Sewer Quest Lever           |vf    |3  |5  |0    |0    |0  |0  |4   |0   |0    |0   |0   |304   
368 |Start Position              |ss    |0  |0  |0    |0    |0  |0  |4   |0   |0    |0   |0   |0     
369 |Trapped Soul                |ss    |0  |0  |0    |0    |0  |0  |8   |0   |0    |0   |0   |0     
370 |Torch                       |VG    |1  |1  |0    |0    |0  |0  |4   |0   |0    |0   |0   |0     
371 |LargeChestR                 |L1    |1  |1  |0    |0    |0  |0  |15  |15  |0    |0   |0   |0     
372 |Bonepile                    |y1    |1  |1  |0    |0    |0  |0  |8   |18  |0    |0   |0   |0     
373 |Skeleton Spawn, Ne          |Qt    |1  |1  |0    |0    |0  |0  |8   |0   |0    |0   |0   |0     
374 |Fog Water Rfga              |ud    |1  |1  |0    |0    |0  |0  |12  |0   |0    |0   |0   |0     
375 |Not Used                    |xx    |1  |3  |0    |0    |0  |0  |15  |18  |0    |0   |0   |0     
376 |Forge Hell                  |ux    |3  |3  |0    |-10  |0  |0  |8   |0   |0    |0   |0   |0     
377 |Portal To Guild             |PP    |1  |1  |0    |0    |0  |0  |16  |0   |0    |0   |0   |0     
378 |Hratli Start                |ss    |0  |0  |0    |0    |0  |0  |4   |0   |0    |0   |0   |0     
379 |Hratli End                  |ss    |0  |0  |0    |0    |0  |0  |4   |0   |0    |0   |0   |0     
380 |Burning Guy                 |uy    |2  |2  |20   |-3   |0  |0  |8   |0   |0    |0   |0   |0     
381 |Burning Guy                 |15    |2  |2  |20   |-3   |0  |0  |8   |0   |0    |0   |0   |0     
382 |Natalya Start               |ss    |0  |0  |0    |0    |0  |0  |4   |0   |0    |0   |0   |0     
383 |Guy Stuck In Hell           |18    |2  |2  |0    |0    |0  |0  |8   |0   |0    |0   |0   |0     
384 |Guy Stuck In Hell           |19    |2  |2  |0    |0    |0  |0  |8   |0   |0    |0   |0   |0     
385 |Cain Start Position         |ss    |0  |0  |0    |0    |0  |0  |1   |0   |0    |0   |0   |0     
386 |Stairsr                     |sv    |10 |6  |0    |0    |0  |0  |15  |0   |0    |0   |0   |693   
387 |ArcanebigchestL             |y7    |1  |3  |0    |0    |0  |0  |15  |18  |0    |0   |0   |0     
388 |ArcaneCasket                |y8    |1  |3  |0    |0    |0  |0  |15  |18  |0    |0   |0   |0     
389 |ChestBig R                  |y9    |3  |1  |0    |0    |0  |0  |15  |18  |0    |0   |0   |0     
390 |ChestSmall L                |ya    |1  |2  |0    |0    |0  |0  |15  |18  |0    |0   |0   |0     
391 |ChestSmall R                |yc    |2  |1  |0    |0    |0  |0  |15  |18  |0    |0   |0   |0     
392 |Diablo Seal1                |30    |5  |5  |0    |0    |0  |0  |8   |0   |0    |0   |0   |306   
393 |Diablo Seal2                |31    |5  |5  |0    |0    |0  |0  |8   |0   |0    |0   |0   |306   
394 |Diablo Seal3                |32    |5  |5  |0    |0    |0  |0  |8   |0   |0    |0   |0   |306   
395 |Diablo Seal4                |33    |5  |5  |0    |0    |0  |0  |8   |0   |0    |0   |0   |306   
396 |Diablo Seal5                |34    |5  |5  |0    |0    |0  |0  |8   |0   |0    |0   |0   |306   
397 |Sparklychest                |yf    |2  |2  |0    |0    |0  |0  |15  |18  |0    |0   |0   |0     
398 |PandamoniaWaypoint          |yg    |1  |1  |0    |0    |0  |0  |8   |0   |0    |0   |0   |0     
399 |Fissure For Inner Hell      |fh    |0  |0  |0    |0    |0  |0  |8   |0   |0    |0   |0   |0     
400 |Brazier For Hell            |he    |2  |2  |0    |0    |0  |0  |8   |1   |0    |0   |0   |0     
401 |Smoke                       |35    |0  |0  |0    |0    |0  |0  |8   |0   |0    |0   |0   |0     
402 |VallyWaypoint               |yi    |1  |1  |0    |0    |0  |0  |8   |0   |0    |0   |0   |307   
403 |Hell Brazier                |9f    |2  |2  |0    |0    |0  |0  |8   |1   |0    |0   |0   |0     
404 |Compelling Orb              |55    |3  |3  |0    |0    |0  |0  |8   |1   |0    |0   |0   |305   
405 |Khalim Chest                |xk    |1  |1  |0    |0    |0  |0  |15  |18  |0    |0   |0   |318   
406 |Khalim Chest                |xk    |1  |1  |0    |0    |0  |0  |15  |18  |0    |0   |0   |318   
407 |Khalim Chest                |xk    |1  |1  |0    |0    |0  |0  |15  |18  |0    |0   |0   |318   
408 |Fortress Brazier #1         |98    |2  |2  |0    |0    |0  |0  |8   |1   |0    |0   |0   |0     
409 |Fortress Brazier #2         |99    |1  |1  |0    |0    |0  |0  |8   |1   |0    |0   |0   |0     
408 |Siege Control               |zq    |1  |1  |0    |0    |0  |0  |16  |18  |0    |0   |0   |0     
409 |PotOTorch(level 1)          |px    |1  |1  |0    |0    |0  |0  |16  |0   |0    |0   |0   |0     
410 |FirePit(level 1)            |py    |1  |1  |0    |0    |0  |0  |16  |0   |0    |0   |0   |0     
413 |Chest R                     |6q    |2  |2  |0    |0    |0  |0  |16  |20  |0    |0   |0   |0     
414 |Shrine                      |6r    |2  |2  |0    |0    |0  |0  |16  |3   |206  |0   |0   |310   
415 |Shrine                      |6s    |2  |2  |0    |0    |0  |0  |16  |3   |206  |0   |0   |310   
416 |HiddenStash                 |3w    |1  |3  |0    |0    |0  |0  |16  |20  |0    |0   |0   |0     
417 |WildernessFlag              |ym    |3  |3  |0    |0    |0  |0  |16  |0   |0    |0   |0   |0     
418 |Barrel                      |yn    |1  |1  |0    |0    |0  |0  |16  |20  |0    |0   |0   |0     
419 |Barrel2                     |6t    |1  |1  |0    |0    |2  |2  |16  |0   |0    |0   |0   |0     
420 |Wooden Chest L              |yp    |1  |3  |0    |0    |0  |0  |16  |20  |0    |0   |0   |0     
421 |Shrine 3                    |yq    |2  |2  |0    |0    |0  |0  |16  |3   |206  |0   |0   |310   
422 |Mana Shrine                 |yr    |3  |3  |0    |0    |0  |0  |16  |2   |172  |0   |0   |310   
423 |Health Shrine               |ys    |3  |3  |0    |0    |0  |0  |16  |1   |282  |0   |0   |310   
424 |BurialChest L               |yt    |2  |3  |0    |0    |0  |0  |16  |20  |0    |0   |0   |0     
425 |BurialChest R               |ys    |3  |2  |0    |0    |0  |0  |16  |20  |0    |0   |0   |0     
426 |Well                        |yv    |4  |4  |0    |0    |0  |0  |16  |0   |0    |0   |0   |309   
427 |Shrine2                     |yw    |3  |3  |0    |0    |0  |0  |16  |3   |206  |0   |0   |310   
428 |Shrine2                     |yx    |2  |2  |0    |0    |0  |0  |16  |3   |206  |0   |0   |310   
429 |Waypoint                    |yy    |5  |5  |0    |0    |0  |0  |16  |0   |0    |0   |0   |0     
430 |Chest L                     |yz    |1  |2  |0    |0    |0  |0  |16  |20  |0    |0   |0   |0     
431 |Woodchest R                 |6a    |2  |1  |0    |0    |0  |0  |16  |20  |0    |0   |0   |0     
432 |Chest SL                    |6b    |1  |2  |0    |0    |0  |0  |16  |20  |0    |0   |0   |0     
433 |Chest SR                    |6c    |2  |1  |0    |0    |0  |0  |16  |20  |0    |0   |0   |0     
434 |Torch 1                     |6d    |2  |2  |0    |0    |0  |0  |16  |0   |0    |0   |0   |0     
435 |Camp Fire                   |2w    |1  |1  |0    |0    |0  |0  |16  |0   |0    |0   |0   |0     
436 |Town Torch                  |2x    |1  |1  |0    |0    |0  |0  |16  |0   |0    |0   |0   |0     
437 |Torch 2                     |6e    |1  |1  |0    |0    |0  |0  |16  |0   |0    |0   |0   |0     
438 |Burning Bodies              |6f    |2  |2  |0    |0    |0  |0  |16  |0   |0    |0   |0   |0     
439 |Burning Pit                 |6g    |3  |4  |0    |0    |0  |0  |16  |0   |0    |0   |0   |0     
440 |Tribal Flag                 |6h    |3  |1  |0    |0    |0  |0  |16  |0   |0    |0   |0   |0     
441 |Town Flag                   |2y    |1  |1  |0    |0    |0  |0  |16  |0   |0    |0   |0   |0     
442 |Chandeleir                  |2z    |1  |1  |-130 |0    |0  |0  |16  |0   |0    |0   |0   |0     
443 |Jar 1                       |6i    |1  |1  |0    |0    |1  |1  |16  |0   |0    |0   |0   |0     
444 |Jar 2                       |6j    |1  |1  |0    |0    |1  |1  |16  |0   |0    |0   |0   |0     
445 |Jar 3                       |6k    |1  |1  |0    |0    |1  |1  |16  |0   |0    |0   |0   |0     
446 |SwingingHeads               |6L    |5  |2  |0    |0    |0  |0  |16  |0   |0    |0   |0   |0     
447 |Pole                        |6m    |4  |4  |0    |0    |0  |0  |16  |0   |0    |0   |0   |0     
448 |Skill W/ Rockpile           |6n    |5  |3  |0    |0    |0  |0  |16  |20  |0    |0   |0   |0     
449 |Town Main Gate              |2v    |1  |7  |0    |0    |0  |0  |16  |0   |0    |0   |0   |0     
450 |Skull And Rocks             |6o    |5  |5  |0    |0    |0  |0  |16  |0   |0    |0   |0   |0     
451 |Hellgate                    |6p    |3  |1  |0    |0    |0  |0  |16  |0   |0    |0   |0   |0     
452 |Banner 1                    |ao    |1  |1  |0    |0    |0  |0  |16  |1   |0    |0   |0   |0     
453 |Banner 2                    |ap    |1  |1  |0    |0    |0  |0  |16  |1   |0    |0   |0   |0     
454 |Exploding Chest             |6t    |1  |3  |0    |0    |2  |2  |16  |0   |0    |0   |0   |0     
455 |Special Chest               |6u    |2  |1  |0    |0    |0  |0  |16  |18  |0    |0   |0   |0     
456 |DeathPole R                 |6v    |3  |1  |0    |0    |0  |0  |16  |0   |0    |0   |0   |0     
457 |DeathPole L                 |6w    |3  |1  |0    |0    |0  |0  |16  |0   |0    |0   |0   |0     
458 |Temple Altar                |6x    |2  |3  |0    |0    |0  |0  |16  |0   |0    |0   |0   |0     
459 |Drehya In Town              |ss    |1  |1  |0    |0    |0  |0  |16  |0   |0    |0   |0   |0     
460 |Drehya Outside Town         |ss    |1  |1  |0    |0    |0  |0  |16  |0   |0    |0   |0   |0     
461 |Nihlathak In Town           |ss    |1  |1  |0    |0    |0  |0  |16  |0   |0    |0   |0   |0     
462 |Nihlathak Outside Town      |ss    |1  |1  |0    |0    |0  |0  |16  |0   |0    |0   |0   |0     
463 |Hidden Stash                |6y    |1  |1  |0    |0    |0  |0  |15  |18  |0    |0   |0   |0     
464 |Health Shrine               |8a    |2  |2  |0    |0    |0  |0  |16  |1   |282  |0   |0   |310   
465 |Mana Shrine                 |8b    |2  |2  |0    |0    |0  |0  |16  |2   |172  |0   |0   |310   
466 |Evil Urn                    |8c    |1  |1  |0    |0    |0  |0  |16  |18  |0    |0   |0   |0     
467 |IcecaveJar1                 |8d    |1  |1  |0    |0    |1  |1  |16  |0   |0    |0   |0   |0     
468 |IcecaveJar2                 |8e    |1  |1  |0    |0    |1  |1  |16  |0   |0    |0   |0   |0     
469 |IcecaveJar3                 |8f    |1  |1  |0    |0    |1  |1  |16  |0   |0    |0   |0   |0     
470 |IcecaveJar4                 |8g    |1  |1  |0    |0    |1  |1  |16  |0   |0    |0   |0   |0     
471 |IcecaveJar5                 |8h    |1  |1  |0    |0    |1  |1  |16  |0   |0    |0   |0   |0     
472 |IcecaveShrine2              |8i    |2  |2  |0    |0    |0  |0  |16  |3   |206  |0   |0   |310   
473 |Caged Fellow                |60    |3  |3  |0    |0    |0  |0  |16  |0   |0    |0   |0   |310   
474 |Statue 3                    |60    |3  |3  |-5   |-5   |0  |0  |16  |0   |0    |0   |0   |0     
475 |Statue 1                    |61    |3  |3  |-5   |-5   |0  |0  |16  |0   |0    |0   |0   |0     
476 |Statue 2                    |62    |3  |3  |-10  |-8   |0  |0  |16  |0   |0    |0   |0   |0     
477 |Dead Barbarian              |8j    |2  |3  |0    |0    |0  |0  |16  |18  |0    |0   |0   |0     
478 |Client Smoke                |oz    |0  |0  |0    |0    |0  |0  |16  |0   |0    |0   |0   |0     
479 |IcecaveShrine2              |8k    |2  |2  |0    |0    |0  |0  |16  |3   |206  |0   |0   |310   
480 |IcecaveTorch1               |8L    |1  |1  |0    |0    |0  |0  |16  |0   |0    |0   |0   |0     
481 |IcecaveTorch2               |8m    |1  |1  |0    |0    |0  |0  |16  |0   |0    |0   |0   |0     
482 |Expansion Tiki Torch        |2p    |1  |1  |0    |0    |0  |0  |16  |0   |0    |0   |0   |0     
483 |ManaShrine                  |8n    |2  |2  |0    |0    |0  |0  |16  |2   |172  |0   |0   |310   
484 |BaalHealthShrine            |8o    |2  |2  |0    |0    |0  |0  |16  |2   |172  |0   |0   |310   
485 |Baal's Lair                 |8p    |5  |3  |0    |0    |0  |0  |16  |18  |0    |0   |0   |0     
486 |Baal's Lair                 |8q    |5  |3  |0    |0    |0  |0  |16  |18  |0    |0   |0   |0     
487 |Baal's Lair                 |8r    |5  |3  |0    |0    |0  |0  |16  |18  |0    |0   |0   |0     
488 |BaalMagicShrine             |8s    |2  |2  |0    |0    |0  |0  |16  |3   |206  |0   |0   |310   
489 |Torch1                      |8t    |1  |1  |0    |0    |0  |0  |16  |0   |0    |0   |0   |0     
490 |Torch2                      |8u    |1  |1  |0    |0    |0  |0  |16  |0   |0    |0   |0   |0     
491 |ManaShrine                  |8v    |3  |3  |0    |0    |0  |0  |16  |2   |172  |0   |0   |310   
492 |HealthShrine                |8w    |3  |3  |0    |0    |0  |0  |16  |1   |282  |0   |0   |310   
493 |Well                        |8x    |4  |4  |0    |0    |0  |0  |16  |0   |0    |0   |0   |309   
494 |BaalWaypoint                |8y    |5  |5  |0    |0    |0  |0  |16  |0   |0    |0   |0   |307   
495 |Shrine3                     |8z    |2  |2  |0    |0    |0  |0  |16  |3   |206  |0   |0   |310   
496 |WildernessWaypoint          |5a    |5  |5  |0    |0    |0  |0  |16  |0   |0    |0   |0   |307   
497 |Shrine3                     |5b    |3  |3  |0    |0    |0  |0  |16  |3   |206  |0   |0   |310   
498 |BaalWell                    |5c    |3  |3  |0    |0    |0  |0  |16  |0   |0    |0   |0   |309   
499 |BaalMagicShrine2            |5d    |2  |4  |0    |0    |0  |0  |16  |3   |206  |0   |0   |310   
500 |Object1                     |5e    |2  |2  |0    |0    |0  |0  |16  |18  |0    |0   |0   |0     
501 |Woodchest L                 |5f    |1  |3  |0    |0    |0  |0  |16  |20  |0    |0   |0   |0     
502 |Woodchest R                 |5g    |3  |1  |0    |0    |0  |0  |16  |20  |0    |0   |0   |0     
503 |BaalMagicShrine3            |5h    |3  |3  |0    |0    |0  |0  |16  |3   |206  |0   |0   |310   
504 |WoodChest L                 |5f    |2  |3  |0    |0    |0  |0  |16  |20  |0    |0   |0   |0     
505 |WoodChest 2                 |5f    |3  |2  |0    |0    |0  |0  |16  |20  |0    |0   |0   |0     
506 |SwingingHeads               |5k    |5  |2  |0    |0    |0  |0  |16  |0   |0    |0   |0   |0     
507 |Debris                      |5l    |4  |4  |0    |0    |0  |0  |16  |0   |0    |0   |0   |0     
508 |Pen Door                    |2q    |1  |7  |0    |0    |0  |0  |16  |0   |0    |0   |0   |0     
509 |TempleMagicShrine           |5h    |4  |3  |0    |0    |0  |0  |16  |3   |206  |0   |0   |310   
510 |Pole                        |5k    |5  |5  |0    |0    |0  |0  |16  |0   |0    |0   |0   |0     
511 |IcecaveWaypoint             |5a    |5  |5  |0    |0    |0  |0  |16  |0   |0    |0   |0   |307   
512 |TempleMagicShrine2          |5t    |2  |2  |0    |0    |0  |0  |16  |3   |206  |0   |0   |310   
513 |TempleWell                  |5q    |4  |4  |0    |0    |0  |0  |16  |0   |0    |0   |0   |309   
514 |Torch1                      |5r    |1  |3  |0    |0    |0  |0  |16  |0   |0    |0   |0   |0     
515 |Torch2                      |5s    |1  |1  |0    |0    |0  |0  |16  |0   |0    |0   |0   |0     
516 |Object1                     |5u    |1  |1  |0    |0    |0  |0  |16  |18  |0    |0   |0   |0     
517 |Object2                     |5v    |2  |2  |0    |0    |0  |0  |16  |18  |0    |0   |0   |0     
518 |BaalMrBox                   |5w    |3  |1  |0    |0    |1  |1  |16  |0   |0    |0   |0   |0     
519 |IcecaveWell                 |5x    |3  |3  |0    |0    |0  |0  |16  |0   |0    |0   |0   |309   
520 |TempleMagicShrine3          |5y    |2  |2  |0    |0    |0  |0  |16  |3   |206  |0   |0   |310   
521 |TempleHealthShrine          |5z    |3  |3  |0    |0    |0  |0  |16  |1   |282  |0   |0   |310   
522 |TempleManaShrine            |3a    |3  |3  |0    |0    |0  |0  |16  |2   |172  |0   |0   |310   
523 | Blacksmith                 |ss    |0  |0  |0    |0    |0  |0  |16  |0   |0    |0   |0   |0     
524 |Baal's Lair Tomb1           |3b    |3  |5  |0    |0    |0  |0  |16  |18  |0    |0   |0   |0     
525 |Baal's Lair Tomb2           |3c    |3  |5  |0    |0    |0  |0  |16  |18  |0    |0   |0   |0     
526 |Baal's Lair Tomb3           |3d    |3  |5  |0    |0    |0  |0  |16  |18  |0    |0   |0   |0     
527 |Ice Cave BubblesU 01        |2u    |1  |1  |0    |0    |0  |0  |16  |0   |0    |0   |0   |0     
528 |Ice Cave BubblesS 01        |2s    |1  |1  |0    |0    |0  |0  |16  |0   |0    |0   |0   |0     
529 |Redbaal's Lair Tomb1        |3f    |5  |3  |0    |0    |0  |0  |16  |18  |0    |0   |0   |0     
530 |Redbaal's Lair Tomb1L       |3g    |3  |5  |0    |0    |0  |0  |16  |18  |0    |0   |0   |0     
531 |Redbaal's Lair Tomb2        |3h    |5  |3  |0    |0    |0  |0  |16  |18  |0    |0   |0   |0     
532 |Redbaal's Lair Tomb2L       |3i    |3  |5  |0    |0    |0  |0  |16  |18  |0    |0   |0   |0     
533 |Redbaal's Lair Tomb3        |3j    |5  |3  |0    |0    |0  |0  |16  |18  |0    |0   |0   |0     
534 |Redbaal's Lair Tomb3L       |3k    |3  |5  |0    |0    |0  |0  |16  |18  |0    |0   |0   |0     
535 |RedbaalsMrBox               |3L    |3  |1  |0    |0    |1  |1  |16  |0   |0    |0   |0   |0     
536 |Redbaal's Torch1            |3m    |1  |1  |0    |0    |0  |0  |16  |0   |0    |0   |0   |0     
537 |Redbaal's Torch2            |3n    |1  |1  |0    |0    |0  |0  |16  |0   |0    |0   |0   |0     
538 |TempleCandles               |3o    |2  |5  |0    |0    |0  |0  |16  |0   |0    |0   |0   |0     
539 |TempleWaypoint              |3p    |5  |5  |0    |0    |0  |0  |16  |0   |0    |0   |0   |307   
540 |DeadPerson                  |3q    |2  |2  |0    |0    |0  |0  |16  |18  |0    |0   |0   |0     
541 |GroundTomb                  |3s    |5  |3  |0    |0    |0  |0  |16  |18  |0    |0   |0   |0     
542 |Larzuk Greeting             |ss    |0  |0  |0    |0    |0  |0  |16  |0   |0    |0   |0   |0     
543 |Larzuk Standard             |ss    |0  |0  |0    |0    |0  |0  |16  |0   |0    |0   |0   |0     
544 |GroundTombL                 |3t    |3  |5  |0    |0    |0  |0  |16  |18  |0    |0   |0   |0     
545 |DeadPerson2                 |3u    |2  |2  |0    |0    |0  |0  |16  |18  |0    |0   |0   |0     
546 |AncientsAltar               |4a    |1  |1  |0    |0    |0  |0  |16  |0   |0    |0   |0   |1467  
547 |Worldstone Level1           |4b    |5  |8  |-47  |17   |0  |0  |16  |-30 |-100 |70  |100 |0     
548 |WeaponrackR                 |3x    |2  |1  |0    |0    |0  |0  |16  |0   |0    |0   |0   |0     
549 |WeaponrackL                 |3y    |1  |2  |0    |0    |0  |0  |16  |0   |0    |0   |0   |0     
550 |ArmourrackR                 |3z    |2  |1  |0    |0    |0  |0  |16  |0   |0    |0   |0   |0     
551 |ArmourrackL                 |4c    |1  |2  |0    |0    |0  |0  |16  |0   |0    |0   |0   |0     
552 |SummitTorch2                |9g    |1  |1  |0    |0    |0  |0  |16  |0   |0    |0   |0   |0     
553 |FuneralPire                 |9h    |3  |4  |0    |0    |0  |0  |16  |0   |0    |0   |0   |0     
554 |BurningLogs                 |9i    |3  |4  |0    |0    |0  |0  |16  |0   |0    |0   |0   |0     
555 |Ice Cave Steam              |2o    |1  |1  |0    |0    |0  |0  |16  |0   |0    |0   |0   |0     
556 |DeadPerson3                 |3v    |2  |2  |0    |0    |0  |0  |16  |18  |0    |0   |0   |0     
557 |Baal's Lair                 |ss    |0  |0  |0    |0    |0  |0  |16  |0   |0    |0   |0   |0     
558 |Frozen Anya                 |2n    |1  |1  |0    |0    |0  |0  |16  |0   |0    |0   |0   |1468  
559 |BBQ Bunny                   |29    |3  |3  |0    |0    |0  |0  |16  |0   |0    |0   |0   |0     
560 |Baal Torch Big              |25    |1  |1  |0    |0    |0  |0  |16  |0   |0    |0   |0   |0     
561 |Invisible Ancient           |ss    |0  |0  |0    |0    |0  |0  |16  |0   |0    |0   |0   |0     
562 |Invisible Base              |ss    |5  |5  |0    |0    |0  |0  |16  |0   |0    |0   |0   |0     
563 |Worldstone Chamber          |4x    |1  |1  |0    |0    |0  |0  |16  |0   |0    |0   |0   |0     
564 |GlacialCaves Level1         |4u    |0  |0  |0    |-33  |0  |0  |16  |0   |0    |0   |0   |0     
565 |Last Cinematic              |pp    |0  |0  |0    |0    |0  |0  |16  |0   |0    |0   |0   |0     
566 |Harrogath LastPortal        |pp    |0  |0  |0    |0    |0  |0  |16  |0   |0    |0   |0   |0     
567 |Zoo                         |ss    |0  |0  |0    |0    |0  |0  |16  |0   |0    |0   |0   |0     
568 |Keeper                      |7z    |2  |2  |0    |0    |0  |0  |16  |0   |0    |0   |0   |0     
569 |ThroneOfDest Portal         |4x    |1  |1  |0    |0    |0  |0  |16  |0   |0    |0   |0   |0     
570 |FireplaceGuy                |7y    |1  |1  |0    |0    |0  |0  |16  |0   |0    |0   |0   |0     
571 |DoorBlocker                 |ss    |5  |2  |0    |0    |0  |0  |16  |0   |0    |0   |0   |0     
572 |DoorBlocker2                |ss    |2  |5  |0    |0    |0  |0  |16  |0   |0    |0   |0   |0